Country,label,MHExp_Pctage_Y,amount
Australia,Start,4.94,4.94
Australia,2008,5.11,0.17
Australia,2009,4.97,-0.14
Australia,2010,5.45,0.48
Australia,2011,5.32,-0.13
Australia,2012,5.79,0.47
Australia,2013,5.98,0.19
Australia,2014,6.13,0.15
Australia,End,6.13,0.0
Malaysia,Start,3.67,3.67
Malaysia,2008,3.61,-0.06
Malaysia,2009,4.12,0.51
Malaysia,2010,4.0,-0.12
Malaysia,2011,3.94,-0.06
Malaysia,2012,4.06,0.12
Malaysia,2013,4.09,0.03
Malaysia,2014,4.23,0.14
Malaysia,End,4.23,0.0